T=9.9997s
RF1
-1.72871,	2.40992,	-2.14240	
-1.79339,	2.43694,	-2.26664	
-1.85375,	2.46444,	-2.35332	
-1.89647,	2.48967,	-2.43089	
-1.94960,	2.53390,	-2.50928	
-1.99676,	2.58754,	-2.56975	
-2.04835,	2.65846,	-2.64096	
-2.10358,	2.72543,	-2.69969	
-2.15841,	2.77693,	-2.75774	
-2.22169,	2.82875,	-2.82219	
-2.28192,	2.87630,	-2.89599	
-2.33528,	2.92745,	-2.94682	
-2.39649,	2.97501,	-3.01335	
-2.45600,	3.04175,	-3.07749	
#
RF2
3.10837,	-2.70036,	-0.11574	
3.20920,	-2.77909,	-0.19186	
3.27558,	-2.84326,	-0.23318	
3.33099,	-2.89743,	-0.27252	
3.38715,	-2.95770,	-0.31410	
3.44029,	-2.99912,	-0.36353	
3.48493,	-3.06643,	-0.44079	
3.53055,	-3.13188,	-0.50326	
3.56812,	-3.19231,	-0.56654	
3.62817,	-3.25353,	-0.62656	
3.67043,	-3.31522,	-0.69750	
3.69951,	-3.37637,	-0.74836	
3.72653,	-3.45653,	-0.81949	
3.74564,	-3.53995,	-0.87284	
#
RF3
0.02946,	-1.44043,	-3.95238	
-0.10778,	-1.51899,	-3.97865	
-0.19917,	-1.57723,	-3.99304	
-0.28529,	-1.63653,	-4.00087	
-0.36951,	-1.69981,	-4.01149	
-0.45011,	-1.77299,	-4.01670	
-0.51729,	-1.84820,	-4.03186	
-0.58441,	-1.93351,	-4.03768	
-0.63338,	-2.01102,	-4.05051	
-0.68557,	-2.10019,	-4.07075	
-0.72935,	-2.18416,	-4.06962	
-0.77848,	-2.26242,	-4.10114	
-0.83023,	-2.35656,	-4.09444	
-0.88117,	-2.44695,	-4.09782	
#
RF4
-3.70231,	3.20904,	-0.41592	
-3.72350,	3.06421,	-0.33563	
-3.73045,	2.98971,	-0.26949	
-3.74496,	2.91522,	-0.19273	
-3.75501,	2.85194,	-0.12261	
-3.76808,	2.78206,	-0.05555	
-3.78457,	2.71815,	0.02315	
-3.82185,	2.65977,	0.10806	
-3.83279,	2.59019,	0.18649	
-3.86059,	2.53545,	0.26570	
-3.86644,	2.47946,	0.32304	
-3.86920,	2.41905,	0.40331	
-3.85877,	2.34829,	0.47317	
-3.85958,	2.27239,	0.55709	
#
RF5
2.14050,	2.77886,	-3.27668	
2.09199,	2.81864,	-3.12236	
2.06554,	2.85629,	-3.03502	
2.03808,	2.88669,	-2.94891	
2.01148,	2.93575,	-2.86192	
1.97932,	2.97134,	-2.76413	
1.95065,	3.00055,	-2.69024	
1.92265,	3.03687,	-2.60212	
1.88721,	3.09059,	-2.51431	
1.85165,	3.12393,	-2.43077	
1.80150,	3.15880,	-2.34414	
1.74593,	3.18336,	-2.26117	
1.69018,	3.19735,	-2.18215	
1.62803,	3.21565,	-2.08583	
#
RF6
1.81805,	3.83537,	-4.02764	
1.79371,	3.92224,	-3.90998	
1.76240,	3.97840,	-3.82779	
1.72460,	4.03491,	-3.76375	
1.67818,	4.08848,	-3.69612	
1.63083,	4.13935,	-3.63801	
1.57520,	4.20732,	-3.59252	
1.51102,	4.27416,	-3.54160	
1.45006,	4.33287,	-3.50498	
1.39483,	4.40207,	-3.46654	
1.33226,	4.47487,	-3.42060	
1.27968,	4.54095,	-3.36698	
1.21933,	4.59955,	-3.31500	
1.16092,	4.65735,	-3.25703	
#
RF7
-1.41488,	5.60441,	1.09141	
-1.28283,	5.62318,	1.08673	
-1.18701,	5.63862,	1.08604	
-1.08834,	5.66377,	1.10825	
-0.99201,	5.67283,	1.12070	
-0.89754,	5.67566,	1.13504	
-0.79603,	5.67069,	1.15666	
-0.70241,	5.65655,	1.18092	
-0.61632,	5.65516,	1.22329	
-0.53041,	5.63870,	1.26767	
-0.44660,	5.63481,	1.31431	
-0.36315,	5.62467,	1.36777	
-0.25946,	5.61144,	1.42545	
-0.17555,	5.61996,	1.48517	
#
RF8
1.26991,	0.24120,	-0.18194	
1.27307,	0.14633,	-0.29077	
1.26054,	0.07132,	-0.36999	
1.25528,	0.03273,	-0.44677	
1.25206,	-0.02172,	-0.53423	
1.24884,	-0.05686,	-0.62449	
1.24167,	-0.11505,	-0.72257	
1.25207,	-0.16243,	-0.80965	
1.26170,	-0.22143,	-0.89950	
1.25833,	-0.26960,	-0.98337	
1.24723,	-0.31928,	-1.07952	
1.22933,	-0.36649,	-1.16158	
1.22304,	-0.40836,	-1.23850	
1.22099,	-0.45556,	-1.31532	
#
RF9
0.87689,	1.10495,	-4.22790	
0.90277,	1.05752,	-4.36455	
0.91875,	1.01698,	-4.46670	
0.93013,	0.97328,	-4.55074	
0.94303,	0.91928,	-4.63068	
0.95263,	0.87272,	-4.70477	
0.95992,	0.82536,	-4.78582	
0.97945,	0.77929,	-4.86476	
1.00320,	0.72741,	-4.93938	
1.02071,	0.66130,	-5.02147	
1.04018,	0.60304,	-5.10775	
1.05371,	0.54531,	-5.18746	
1.07907,	0.48519,	-5.27892	
1.10996,	0.43419,	-5.34444	
#
RF10
-2.84294,	0.22548,	-4.09769	
-2.70487,	0.27401,	-4.08400	
-2.59863,	0.29797,	-4.09464	
-2.49859,	0.32356,	-4.10085	
-2.39382,	0.33542,	-4.12389	
-2.30272,	0.35603,	-4.14022	
-2.20755,	0.37310,	-4.17433	
-2.11636,	0.37638,	-4.21562	
-2.02312,	0.37795,	-4.26190	
-1.92752,	0.37078,	-4.30661	
-1.85669,	0.37032,	-4.36274	
-1.76854,	0.35375,	-4.40316	
-1.67538,	0.35628,	-4.45030	
-1.58713,	0.34498,	-4.49009	
#
RF11
3.42737,	2.04524,	3.07368	
3.29875,	2.03420,	2.99011	
3.22209,	2.01258,	2.93238	
3.13687,	1.97897,	2.89846	
3.05263,	1.93881,	2.85277	
2.97441,	1.91022,	2.80919	
2.88792,	1.87436,	2.74676	
2.81893,	1.83547,	2.69693	
2.75919,	1.80029,	2.63916	
2.69483,	1.75805,	2.57202	
2.64448,	1.70687,	2.50877	
2.58892,	1.64063,	2.46518	
2.53129,	1.57588,	2.40069	
2.48137,	1.52356,	2.35403	
#
RF12
0.04034,	-4.03078,	0.94347	
-0.03524,	-4.16731,	0.95442	
-0.07021,	-4.26058,	0.94765	
-0.11876,	-4.34886,	0.96089	
-0.15380,	-4.43700,	0.97217	
-0.19496,	-4.53204,	0.98016	
-0.24568,	-4.61343,	0.99333	
-0.30665,	-4.69078,	1.00141	
-0.37369,	-4.76586,	1.00024	
-0.43904,	-4.83553,	1.01774	
-0.49916,	-4.91045,	1.02241	
-0.57384,	-4.97783,	1.03175	
-0.64575,	-5.04804,	1.02072	
-0.71264,	-5.11741,	1.00533	
#
RF13
2.77453,	2.10268,	-3.28445	
2.64693,	2.04850,	-3.32911	
2.55225,	2.00338,	-3.34833	
2.45999,	1.97145,	-3.39697	
2.35917,	1.94177,	-3.41641	
2.26462,	1.92372,	-3.43974	
2.16391,	1.90461,	-3.45579	
2.06226,	1.88870,	-3.48450	
1.96727,	1.87685,	-3.49763	
1.85737,	1.85884,	-3.50560	
1.74395,	1.85696,	-3.51265	
1.64121,	1.84300,	-3.51736	
1.53407,	1.83578,	-3.51734	
1.43165,	1.81301,	-3.51918	
#
RF14
2.93938,	-4.65551,	0.07049	
2.84505,	-4.66576,	-0.04371	
2.79039,	-4.68340,	-0.12459	
2.72589,	-4.70884,	-0.19423	
2.67278,	-4.74431,	-0.28099	
2.62311,	-4.78677,	-0.36789	
2.57352,	-4.82630,	-0.44788	
2.52291,	-4.86729,	-0.53519	
2.48595,	-4.88500,	-0.61972	
2.45760,	-4.92892,	-0.70976	
2.42768,	-4.93999,	-0.80067	
2.39895,	-4.98288,	-0.88733	
2.37284,	-5.01289,	-0.97073	
2.34756,	-5.04118,	-1.05538	
#
RF15
-2.54223,	1.67277,	5.01795	
-2.41069,	1.75087,	5.01605	
-2.32360,	1.79914,	5.01830	
-2.24317,	1.85433,	5.01103	
-2.15954,	1.91167,	5.00082	
-2.08643,	1.98710,	4.98364	
-2.00170,	2.04626,	4.97049	
-1.92567,	2.10508,	4.95231	
-1.85058,	2.16115,	4.92706	
-1.77732,	2.22273,	4.89304	
-1.70236,	2.28801,	4.85679	
-1.63512,	2.32772,	4.82174	
-1.55650,	2.36679,	4.78861	
-1.47407,	2.41042,	4.74847	
#
RF16
-2.96775,	0.40156,	-2.64310	
-2.88023,	0.31567,	-2.55262	
-2.82463,	0.26775,	-2.46957	
-2.79428,	0.22344,	-2.38392	
-2.77564,	0.16887,	-2.29857	
-2.75100,	0.11474,	-2.21568	
-2.75002,	0.07742,	-2.13175	
-2.73658,	0.02029,	-2.04560	
-2.72876,	-0.02126,	-1.96220	
-2.73118,	-0.07349,	-1.88207	
-2.72585,	-0.11536,	-1.79967	
-2.72226,	-0.17627,	-1.70491	
-2.70866,	-0.23633,	-1.61835	
-2.68639,	-0.29616,	-1.53023	
#
RF17
-3.85785,	-1.95736,	-2.06689	
-3.71286,	-1.99207,	-2.10810	
-3.60144,	-2.01228,	-2.12546	
-3.50478,	-2.02907,	-2.12295	
-3.39870,	-2.05259,	-2.11268	
-3.30902,	-2.07011,	-2.10506	
-3.21260,	-2.09745,	-2.09692	
-3.11129,	-2.11263,	-2.08977	
-3.01338,	-2.12897,	-2.08346	
-2.91109,	-2.14209,	-2.08509	
-2.81277,	-2.16439,	-2.08504	
-2.71875,	-2.18788,	-2.09856	
-2.62141,	-2.23678,	-2.10092	
-2.52521,	-2.29439,	-2.11972	
#
RF18
2.22470,	-1.41154,	-0.15056	
2.29490,	-1.35586,	-0.02203	
2.32498,	-1.31013,	0.06119	
2.34558,	-1.26788,	0.14244	
2.35063,	-1.21661,	0.23938	
2.35549,	-1.16885,	0.33265	
2.35500,	-1.12721,	0.41626	
2.35542,	-1.06700,	0.50888	
2.36071,	-1.01571,	0.60244	
2.37002,	-0.97468,	0.68968	
2.38921,	-0.94282,	0.77890	
2.41135,	-0.91957,	0.86831	
2.44510,	-0.90617,	0.96925	
2.47438,	-0.89423,	1.05219	
#
RF19
-1.62771,	-5.46195,	0.66351	
-1.50946,	-5.42485,	0.74787	
-1.43391,	-5.37403,	0.80737	
-1.37455,	-5.32753,	0.86856	
-1.31054,	-5.27805,	0.94538	
-1.26171,	-5.25402,	1.01636	
-1.22333,	-5.21909,	1.10470	
-1.17171,	-5.17603,	1.19528	
-1.11339,	-5.13554,	1.27806	
-1.06137,	-5.09079,	1.34561	
-1.01396,	-5.04086,	1.40599	
-0.96511,	-4.99649,	1.47829	
-0.90390,	-4.95211,	1.55162	
-0.86111,	-4.90192,	1.62540	
#
RF20
4.70432,	-1.00388,	2.57315	
4.70835,	-0.88716,	2.47473	
4.70610,	-0.80526,	2.41404	
4.70447,	-0.74927,	2.32811	
4.68196,	-0.69016,	2.25074	
4.64632,	-0.63279,	2.18472	
4.61606,	-0.55396,	2.12647	
4.58948,	-0.46799,	2.08080	
4.56576,	-0.37313,	2.03686	
4.53257,	-0.28588,	1.99951	
4.48973,	-0.19794,	1.95603	
4.43984,	-0.10963,	1.91928	
4.39338,	-0.01397,	1.87694	
4.35669,	0.06132,	1.84248	
#
RF21
4.67701,	1.28862,	2.30344	
4.78188,	1.23388,	2.19709	
4.84181,	1.19635,	2.15007	
4.91872,	1.15286,	2.08677	
4.99611,	1.12000,	2.03054	
5.04973,	1.06982,	1.95588	
5.11295,	1.01017,	1.88951	
5.17973,	0.97716,	1.81837	
5.25261,	0.93135,	1.76194	
5.32537,	0.89090,	1.70623	
5.40941,	0.84439,	1.65873	
5.48447,	0.81109,	1.61472	
5.56625,	0.77115,	1.55821	
5.64019,	0.73335,	1.51851	
#
RF22
-0.48336,	-5.04581,	-2.99985	
-0.56935,	-4.99965,	-2.87771	
-0.63749,	-4.98009,	-2.78975	
-0.68360,	-4.95468,	-2.72140	
-0.72809,	-4.90461,	-2.63825	
-0.77042,	-4.86115,	-2.57362	
-0.81308,	-4.80592,	-2.49990	
-0.84818,	-4.73732,	-2.43967	
-0.88551,	-4.67543,	-2.37350	
-0.91403,	-4.60798,	-2.30886	
-0.95805,	-4.55557,	-2.24182	
-1.00395,	-4.49896,	-2.17009	
-1.07023,	-4.44776,	-2.10266	
-1.13837,	-4.41247,	-2.04895	
#
RF23
-4.26523,	3.61145,	-1.67714	
-4.30438,	3.50204,	-1.61946	
-4.34140,	3.41881,	-1.58381	
-4.37872,	3.33477,	-1.54939	
-4.42084,	3.25168,	-1.49897	
-4.45508,	3.16324,	-1.45299	
-4.48275,	3.08285,	-1.41432	
-4.50678,	2.99275,	-1.36948	
-4.52225,	2.91659,	-1.32960	
-4.52631,	2.82811,	-1.28572	
-4.52744,	2.73970,	-1.24373	
-4.53056,	2.64347,	-1.21291	
-4.53079,	2.54364,	-1.18456	
-4.53333,	2.43957,	-1.14921	
#
RF24
-5.64818,	-1.57272,	0.45907	
-5.63969,	-1.47663,	0.57692	
-5.62444,	-1.40478,	0.65368	
-5.61213,	-1.33118,	0.71482	
-5.60025,	-1.26775,	0.77712	
-5.60240,	-1.19564,	0.84589	
-5.59282,	-1.11876,	0.92719	
-5.59465,	-1.05677,	0.99586	
-5.60418,	-0.98078,	1.05947	
-5.62563,	-0.90751,	1.14098	
-5.63014,	-0.84718,	1.19932	
-5.64041,	-0.76651,	1.26112	
-5.63906,	-0.69359,	1.32481	
-5.62497,	-0.61302,	1.39343	
#
RF25
1.74357,	0.90352,	5.45913	
1.59941,	0.91736,	5.42058	
1.49916,	0.93805,	5.40518	
1.40627,	0.95701,	5.38640	
1.30562,	0.98142,	5.37832	
1.21511,	0.99950,	5.38709	
1.10979,	1.00726,	5.39757	
1.00720,	1.00386,	5.40753	
0.91098,	0.98487,	5.41029	
0.81352,	0.96366,	5.41190	
0.71920,	0.94378,	5.41368	
0.62483,	0.93511,	5.39779	
0.53790,	0.91323,	5.40150	
0.43914,	0.88875,	5.39221	
#
RF26
4.07029,	2.84813,	2.04207	
4.00075,	2.96977,	2.10791	
3.94916,	3.05384,	2.16079	
3.91100,	3.12757,	2.21204	
3.88081,	3.20558,	2.26100	
3.83846,	3.28031,	2.31567	
3.79419,	3.35247,	2.36450	
3.75895,	3.43116,	2.41084	
3.73694,	3.51830,	2.45765	
3.70459,	3.60267,	2.49777	
3.67174,	3.67790,	2.53805	
3.63055,	3.76216,	2.56601	
3.57726,	3.84633,	2.59956	
3.52865,	3.93594,	2.62952	
#
RF27
-2.01618,	1.12221,	-0.68892	
-1.87238,	1.18192,	-0.68958	
-1.80113,	1.22378,	-0.70260	
-1.71113,	1.28484,	-0.70831	
-1.63620,	1.35295,	-0.72926	
-1.54741,	1.41125,	-0.74562	
-1.47425,	1.46757,	-0.75622	
-1.38386,	1.52915,	-0.78304	
-1.28874,	1.58503,	-0.78670	
-1.20554,	1.62539,	-0.78507	
-1.12450,	1.66712,	-0.77964	
-1.03924,	1.71874,	-0.77580	
-0.96218,	1.77324,	-0.78352	
-0.87986,	1.82772,	-0.78460	
#
RF28
-3.38023,	1.75657,	1.33159	
-3.44821,	1.76025,	1.46270	
-3.50242,	1.76583,	1.54522	
-3.55084,	1.77358,	1.63026	
-3.59906,	1.77307,	1.71815	
-3.64273,	1.77790,	1.79147	
-3.67885,	1.78062,	1.87076	
-3.73477,	1.78595,	1.96540	
-3.77681,	1.76650,	2.04994	
-3.82768,	1.75387,	2.13383	
-3.87774,	1.74946,	2.22126	
-3.92782,	1.72172,	2.30404	
-3.97302,	1.68585,	2.39583	
-4.01502,	1.66851,	2.46590	
#
RF29
-5.07163,	-1.76984,	1.78088	
-4.98369,	-1.70165,	1.88113	
-4.90998,	-1.65614,	1.93483	
-4.85286,	-1.60755,	1.98904	
-4.79152,	-1.56466,	2.04126	
-4.73590,	-1.52823,	2.11002	
-4.65942,	-1.50448,	2.17345	
-4.61893,	-1.46420,	2.24156	
-4.58213,	-1.42040,	2.32150	
-4.55542,	-1.37102,	2.40177	
-4.52675,	-1.33894,	2.48054	
-4.49794,	-1.28276,	2.56894	
-4.44619,	-1.22981,	2.63748	
-4.40835,	-1.17197,	2.71282	
#
RF30
3.18602,	0.73569,	-4.47655	
3.27695,	0.63507,	-4.42305	
3.34507,	0.55967,	-4.41356	
3.40436,	0.49514,	-4.40178	
3.47414,	0.42164,	-4.38536	
3.53145,	0.34626,	-4.36503	
3.59291,	0.27565,	-4.34185	
3.65951,	0.20005,	-4.32582	
3.71978,	0.12435,	-4.29111	
3.77303,	0.05087,	-4.27434	
3.83527,	-0.01525,	-4.24278	
3.91030,	-0.08679,	-4.22191	
3.98889,	-0.16625,	-4.20286	
4.05962,	-0.23935,	-4.18132	
#
RF31
-2.24270,	0.85495,	-0.42922	
-2.30257,	0.98052,	-0.38054	
-2.33730,	1.05611,	-0.35051	
-2.37052,	1.14341,	-0.31363	
-2.41776,	1.23089,	-0.27794	
-2.47114,	1.30516,	-0.24493	
-2.52151,	1.38929,	-0.20086	
-2.57999,	1.44949,	-0.15492	
-2.63180,	1.52351,	-0.12034	
-2.69275,	1.59704,	-0.07984	
-2.74825,	1.67467,	-0.04623	
-2.81550,	1.74778,	-0.02133	
-2.85880,	1.83323,	0.00279	
-2.90213,	1.91062,	0.02664	
#
RF32
-1.99075,	-1.06741,	-2.67610	
-1.85408,	-0.99865,	-2.64446	
-1.75510,	-0.94715,	-2.63187	
-1.67034,	-0.90360,	-2.62296	
-1.58125,	-0.86460,	-2.60752	
-1.49096,	-0.83604,	-2.59696	
-1.39151,	-0.81886,	-2.58665	
-1.29250,	-0.80034,	-2.56982	
-1.19965,	-0.76963,	-2.55734	
-1.10220,	-0.74892,	-2.54258	
-1.00972,	-0.72298,	-2.51909	
-0.91529,	-0.71137,	-2.48379	
-0.82857,	-0.70063,	-2.45656	
-0.73335,	-0.68704,	-2.43386	
#
RF33
3.07048,	-5.08729,	-0.59528	
3.05807,	-4.97448,	-0.69759	
3.04517,	-4.89157,	-0.75949	
3.03401,	-4.81421,	-0.81906	
3.00660,	-4.72881,	-0.87193	
2.98514,	-4.65175,	-0.92126	
2.95650,	-4.55137,	-0.96374	
2.92383,	-4.46837,	-0.98727	
2.88741,	-4.37353,	-1.01455	
2.84735,	-4.28325,	-1.03218	
2.80216,	-4.18364,	-1.06245	
2.76236,	-4.09875,	-1.07883	
2.73314,	-3.99370,	-1.08754	
2.71056,	-3.88290,	-1.09600	
#
RF34
2.39680,	1.11240,	3.83826	
2.48939,	1.22236,	3.81240	
2.55086,	1.29364,	3.77839	
2.59507,	1.37535,	3.75677	
2.65501,	1.45597,	3.73001	
2.70747,	1.52472,	3.68166	
2.75359,	1.59072,	3.62900	
2.80597,	1.66775,	3.58243	
2.85338,	1.74533,	3.52123	
2.89804,	1.81166,	3.45679	
2.93800,	1.88353,	3.39966	
2.98474,	1.94751,	3.34967	
3.02820,	2.01664,	3.29793	
3.06994,	2.10044,	3.24518	
#
RF35
4.39078,	-3.98856,	-0.00980	
4.43603,	-3.85708,	0.01492	
4.46296,	-3.74985,	0.03149	
4.48407,	-3.66409,	0.06763	
4.50054,	-3.57085,	0.10254	
4.50604,	-3.47960,	0.13235	
4.49415,	-3.38572,	0.16431	
4.49358,	-3.28419,	0.19014	
4.49771,	-3.18973,	0.21409	
4.49329,	-3.09121,	0.23096	
4.50694,	-2.98428,	0.25572	
4.51668,	-2.89518,	0.27472	
4.50562,	-2.80741,	0.29732	
4.50506,	-2.71350,	0.31628	
#
RF36
1.83802,	4.28111,	-1.76177	
1.73722,	4.21804,	-1.66977	
1.67235,	4.17416,	-1.60050	
1.60429,	4.15381,	-1.52768	
1.55777,	4.12149,	-1.46477	
1.52004,	4.09723,	-1.38035	
1.47808,	4.06723,	-1.29013	
1.43692,	4.02821,	-1.20534	
1.39270,	4.00702,	-1.12328	
1.35289,	3.97711,	-1.04099	
1.31297,	3.94956,	-0.94513	
1.27263,	3.92656,	-0.85362	
1.24317,	3.90536,	-0.75750	
1.22204,	3.88639,	-0.66860	
#
RF37
0.93216,	2.45670,	-0.36472	
1.06738,	2.52871,	-0.35829	
1.15746,	2.57029,	-0.35919	
1.25211,	2.58981,	-0.35540	
1.35924,	2.61104,	-0.35271	
1.45745,	2.62318,	-0.34520	
1.55685,	2.63416,	-0.35398	
1.65927,	2.64630,	-0.36153	
1.75358,	2.65606,	-0.38569	
1.85624,	2.67566,	-0.40815	
1.94358,	2.69026,	-0.42801	
2.04746,	2.70296,	-0.45040	
2.14643,	2.72351,	-0.46817	
2.23598,	2.75489,	-0.48426	
#
RF38
-0.14438,	3.94216,	-1.36585	
-0.08402,	4.05427,	-1.28633	
-0.04131,	4.12256,	-1.25190	
-0.01202,	4.21026,	-1.22002	
0.02198,	4.29570,	-1.17993	
0.06732,	4.36775,	-1.13388	
0.10563,	4.44858,	-1.09178	
0.15592,	4.52979,	-1.05272	
0.19298,	4.62205,	-0.99783	
0.21660,	4.70179,	-0.95342	
0.24047,	4.78240,	-0.89836	
0.26713,	4.87182,	-0.85641	
0.28891,	4.94711,	-0.80381	
0.31534,	5.03472,	-0.75279	
#
RF39
0.58063,	-2.96990,	4.14520	
0.59254,	-2.83456,	4.21133	
0.59424,	-2.75273,	4.26291	
0.57153,	-2.65787,	4.31294	
0.55056,	-2.56495,	4.36465	
0.55957,	-2.47007,	4.42023	
0.57838,	-2.36951,	4.46624	
0.58614,	-2.27201,	4.51047	
0.57902,	-2.16038,	4.54148	
0.57819,	-2.06295,	4.58442	
0.57448,	-1.96189,	4.62321	
0.57529,	-1.86959,	4.66073	
0.59037,	-1.75953,	4.69045	
0.61719,	-1.66084,	4.72431	
#
RF40
1.10546,	5.43636,	-2.11207	
1.09915,	5.31818,	-2.19149	
1.09534,	5.23809,	-2.24505	
1.07903,	5.15374,	-2.29713	
1.06050,	5.07138,	-2.35271	
1.05404,	4.98281,	-2.41228	
1.05052,	4.89705,	-2.48106	
1.06466,	4.82113,	-2.55016	
1.07852,	4.74824,	-2.61815	
1.09831,	4.67220,	-2.69073	
1.11527,	4.60471,	-2.75072	
1.13418,	4.53076,	-2.83819	
1.15714,	4.46242,	-2.90594	
1.16714,	4.37884,	-2.97285	
#
RF41
-2.89986,	-2.16368,	-3.17564	
-3.00639,	-2.18693,	-3.07026	
-3.06866,	-2.19794,	-3.00208	
-3.13764,	-2.22350,	-2.93746	
-3.20901,	-2.24885,	-2.86628	
-3.28079,	-2.26554,	-2.80930	
-3.35337,	-2.31176,	-2.72906	
-3.41304,	-2.35490,	-2.65571	
-3.48513,	-2.40893,	-2.59853	
-3.53034,	-2.45048,	-2.53169	
-3.59502,	-2.48725,	-2.46415	
-3.65456,	-2.53786,	-2.38924	
-3.72623,	-2.57664,	-2.32511	
-3.79625,	-2.62375,	-2.25834	
#
RF42
1.36822,	-2.46348,	1.72455	
1.21699,	-2.46285,	1.72864	
1.11255,	-2.44534,	1.73685	
1.00868,	-2.42794,	1.75566	
0.91913,	-2.40740,	1.77776	
0.82151,	-2.38766,	1.79971	
0.73023,	-2.36611,	1.82621	
0.64117,	-2.36101,	1.85963	
0.54249,	-2.34194,	1.88350	
0.44557,	-2.32424,	1.90996	
0.34721,	-2.29821,	1.93013	
0.24577,	-2.28371,	1.95383	
0.15745,	-2.25387,	1.99316	
0.05776,	-2.22218,	2.03299	
#
RF43
-5.52005,	-0.24957,	0.13980	
-5.52774,	-0.38862,	0.18978	
-5.52989,	-0.47062,	0.22788	
-5.53556,	-0.56206,	0.26148	
-5.52531,	-0.66394,	0.29131	
-5.52401,	-0.75000,	0.32291	
-5.51744,	-0.83861,	0.34900	
-5.49451,	-0.94669,	0.39037	
-5.48610,	-1.04097,	0.42586	
-5.48400,	-1.12855,	0.46585	
-5.48314,	-1.22677,	0.50747	
-5.47290,	-1.32356,	0.55248	
-5.45266,	-1.41951,	0.59522	
-5.43424,	-1.51043,	0.65370	
#
RF44
0.05656,	3.41689,	-1.12138	
-0.01349,	3.54212,	-1.14786	
-0.06366,	3.63211,	-1.15867	
-0.10367,	3.72004,	-1.18018	
-0.13576,	3.81574,	-1.18221	
-0.18901,	3.91273,	-1.19062	
-0.22755,	4.01402,	-1.19876	
-0.25341,	4.10340,	-1.19940	
-0.29539,	4.19629,	-1.19621	
-0.32735,	4.28332,	-1.18622	
-0.35697,	4.38539,	-1.18822	
-0.38171,	4.47780,	-1.17921	
-0.40000,	4.58226,	-1.19179	
-0.40764,	4.67459,	-1.21013	
#
RF45
-2.62316,	2.24925,	1.09217	
-2.56136,	2.27808,	1.22213	
-2.52432,	2.30730,	1.30548	
-2.48430,	2.33433,	1.38584	
-2.44874,	2.35745,	1.48204	
-2.41852,	2.39169,	1.56057	
-2.39313,	2.41943,	1.66230	
-2.35949,	2.44665,	1.73996	
-2.34411,	2.47644,	1.82091	
-2.32767,	2.51329,	1.91761	
-2.31502,	2.54992,	1.99643	
-2.31457,	2.59332,	2.07818	
-2.31327,	2.64345,	2.16034	
-2.30800,	2.69336,	2.24965	
#
RF46
-2.76474,	3.21572,	2.58577	
-2.74398,	3.18418,	2.44156	
-2.73175,	3.15338,	2.35299	
-2.72749,	3.13044,	2.26363	
-2.72120,	3.10976,	2.18571	
-2.72226,	3.07371,	2.08263	
-2.70802,	3.04926,	1.98891	
-2.70545,	3.02510,	1.90026	
-2.71154,	3.00668,	1.80727	
-2.71537,	2.98811,	1.69563	
-2.71112,	2.96643,	1.59590	
-2.69722,	2.95808,	1.50248	
-2.69752,	2.94111,	1.40118	
-2.70005,	2.91683,	1.30905	
#
RF47
4.25912,	-3.96099,	1.21427	
4.12787,	-3.96535,	1.14373	
4.03929,	-3.97934,	1.09132	
3.94629,	-4.01248,	1.03842	
3.86865,	-4.03804,	0.98162	
3.78376,	-4.05695,	0.92154	
3.70888,	-4.08276,	0.87742	
3.63106,	-4.10321,	0.81413	
3.55310,	-4.13756,	0.76636	
3.47791,	-4.16834,	0.70327	
3.41818,	-4.19587,	0.62391	
3.35859,	-4.21808,	0.55535	
3.30123,	-4.25067,	0.48501	
3.24271,	-4.28543,	0.41497	
#
RF48
3.74463,	4.14439,	-0.76358	
3.73744,	4.03677,	-0.87757	
3.71546,	3.96027,	-0.95267	
3.68353,	3.87595,	-1.00590	
3.65491,	3.79463,	-1.07229	
3.62875,	3.72907,	-1.14593	
3.61488,	3.65774,	-1.20199	
3.60559,	3.58314,	-1.27282	
3.59384,	3.50955,	-1.34590	
3.58479,	3.42872,	-1.41419	
3.58357,	3.35499,	-1.50072	
3.58996,	3.29040,	-1.57532	
3.61060,	3.24903,	-1.65915	
3.60702,	3.19393,	-1.75575	
#
RF49
1.62718,	1.45972,	4.87432	
1.50843,	1.40740,	4.93114	
1.43653,	1.35134,	4.96870	
1.35733,	1.28848,	4.98642	
1.28093,	1.23229,	5.00168	
1.19786,	1.17413,	5.01551	
1.11445,	1.12626,	5.00182	
1.02538,	1.07730,	4.98715	
0.93341,	1.02555,	4.96847	
0.83814,	0.97135,	4.96249	
0.76656,	0.91462,	4.94630	
0.69083,	0.85741,	4.94285	
0.61299,	0.80341,	4.93976	
0.52869,	0.76219,	4.91636	
#
RF50
-3.36111,	3.38871,	3.03624	
-3.25318,	3.44373,	3.13169	
-3.17387,	3.46168,	3.19465	
-3.08355,	3.47547,	3.25400	
-3.01079,	3.50089,	3.31157	
-2.93059,	3.52999,	3.36293	
-2.86807,	3.56789,	3.41486	
-2.79044,	3.61817,	3.47337	
-2.71273,	3.67229,	3.51683	
-2.63507,	3.72319,	3.56481	
-2.55429,	3.77059,	3.62288	
-2.47777,	3.84557,	3.66345	
-2.42059,	3.90616,	3.69265	
-2.35766,	3.96689,	3.74232	
#
RF51
-3.94031,	0.10206,	-1.20412	
-3.95351,	0.02761,	-1.06822	
-3.96535,	-0.01668,	-0.98291	
-3.98878,	-0.06246,	-0.88480	
-4.00372,	-0.09338,	-0.78522	
-4.02708,	-0.13089,	-0.69611	
-4.04196,	-0.16395,	-0.61425	
-4.05386,	-0.20820,	-0.53675	
-4.07955,	-0.24795,	-0.45020	
-4.11106,	-0.29758,	-0.35472	
-4.14254,	-0.33595,	-0.25468	
-4.17156,	-0.37921,	-0.17026	
-4.21365,	-0.40948,	-0.08146	
-4.25507,	-0.44361,	-0.01257	
#
RF52
-2.01264,	2.68330,	0.55954	
-1.99146,	2.82957,	0.50906	
-1.96962,	2.92463,	0.49265	
-1.94796,	3.03072,	0.47311	
-1.92698,	3.13426,	0.46100	
-1.91654,	3.23633,	0.44334	
-1.92094,	3.33922,	0.43109	
-1.92610,	3.44197,	0.41932	
-1.94673,	3.54691,	0.40516	
-1.94643,	3.65363,	0.40278	
-1.97253,	3.75445,	0.38162	
-1.98614,	3.85146,	0.36100	
-2.03171,	3.94733,	0.33870	
-2.06840,	4.03873,	0.31514	
#
RF53
3.05091,	-3.29369,	0.58917	
3.16296,	-3.23061,	0.50719	
3.22830,	-3.18264,	0.45730	
3.30355,	-3.12630,	0.41196	
3.37655,	-3.07709,	0.36533	
3.46658,	-3.03666,	0.31349	
3.57111,	-3.01587,	0.26387	
3.65211,	-2.98978,	0.21048	
3.73228,	-2.96821,	0.15770	
3.81477,	-2.94835,	0.11663	
3.90058,	-2.92525,	0.07251	
3.99221,	-2.90459,	0.00241	
4.07478,	-2.89399,	-0.04951	
4.15820,	-2.89683,	-0.09783	
#
RF54
-4.33316,	-0.80925,	-3.23805	
-4.32321,	-0.67277,	-3.31534	
-4.29924,	-0.58613,	-3.36036	
-4.27011,	-0.50252,	-3.40538	
-4.24034,	-0.42102,	-3.46755	
-4.22336,	-0.34712,	-3.51191	
-4.21098,	-0.26829,	-3.56872	
-4.19769,	-0.18103,	-3.60728	
-4.19276,	-0.09487,	-3.64995	
-4.20158,	-0.00522,	-3.69710	
-4.20654,	0.08380,	-3.74443	
-4.21030,	0.16966,	-3.78913	
-4.20533,	0.25176,	-3.84193	
-4.20197,	0.32601,	-3.88218	
#
RF55
4.64610,	-0.37380,	0.95469	
4.75867,	-0.44861,	0.88911	
4.83059,	-0.49981,	0.84671	
4.89380,	-0.53972,	0.78937	
4.96213,	-0.57592,	0.73443	
5.02489,	-0.64079,	0.66867	
5.08820,	-0.69087,	0.59253	
5.14647,	-0.72282,	0.54091	
5.20195,	-0.76678,	0.46947	
5.25390,	-0.80065,	0.40831	
5.31058,	-0.84224,	0.32212	
5.37334,	-0.88705,	0.24362	
5.43121,	-0.90901,	0.16759	
5.49507,	-0.93655,	0.08844	
#
RF56
0.41505,	-3.03860,	2.03183	
0.43689,	-3.17763,	2.00803	
0.44226,	-3.27846,	1.99017	
0.44226,	-3.38160,	1.97257	
0.43892,	-3.47801,	1.95937	
0.43202,	-3.58338,	1.93007	
0.42674,	-3.68500,	1.90396	
0.42555,	-3.77733,	1.88936	
0.42374,	-3.87630,	1.89072	
0.42314,	-3.98798,	1.91866	
0.41816,	-4.09471,	1.92972	
0.39463,	-4.20111,	1.93584	
0.37335,	-4.28838,	1.94294	
0.35229,	-4.39443,	1.96535	
#
RF57
-3.09527,	-4.48435,	0.66250	
-3.23399,	-4.45783,	0.61019	
-3.32345,	-4.43328,	0.58026	
-3.42854,	-4.40085,	0.55827	
-3.51962,	-4.35795,	0.54324	
-3.60873,	-4.32078,	0.54251	
-3.70172,	-4.27739,	0.53560	
-3.78897,	-4.22387,	0.53757	
-3.88182,	-4.16972,	0.53965	
-3.96616,	-4.10974,	0.56381	
-4.04896,	-4.03713,	0.58145	
-4.12264,	-3.98057,	0.59404	
-4.21239,	-3.91627,	0.60510	
-4.31526,	-3.86349,	0.60106	
#
RF58
-1.15187,	0.56819,	-2.80189	
-1.29406,	0.54833,	-2.75512	
-1.38751,	0.53934,	-2.72582	
-1.49024,	0.52875,	-2.69556	
-1.58869,	0.51381,	-2.67200	
-1.68609,	0.49658,	-2.62933	
-1.78607,	0.48289,	-2.59042	
-1.87387,	0.46437,	-2.55646	
-1.96003,	0.44573,	-2.50468	
-2.03190,	0.44015,	-2.44203	
-2.09819,	0.43359,	-2.36805	
-2.18129,	0.41313,	-2.30221	
-2.25090,	0.40379,	-2.24539	
-2.32488,	0.39253,	-2.16294	
#
RF59
-3.54799,	3.72351,	-3.01145	
-3.41328,	3.72971,	-3.06549	
-3.31994,	3.73360,	-3.10888	
-3.23004,	3.73827,	-3.14617	
-3.14267,	3.74085,	-3.19119	
-3.06231,	3.73969,	-3.22726	
-2.95724,	3.74457,	-3.27276	
-2.85331,	3.75312,	-3.31702	
-2.76463,	3.75498,	-3.35569	
-2.67327,	3.75720,	-3.39798	
-2.58833,	3.75032,	-3.46062	
-2.51138,	3.73368,	-3.51711	
-2.43716,	3.71825,	-3.59237	
-2.36696,	3.71046,	-3.67115	
#
RF60
0.55867,	1.88609,	5.52716	
0.63434,	1.87053,	5.39583	
0.67779,	1.87552,	5.30809	
0.70784,	1.87483,	5.22530	
0.75449,	1.88495,	5.12775	
0.78832,	1.89007,	5.03075	
0.82430,	1.91211,	4.93442	
0.86260,	1.94036,	4.84146	
0.87763,	1.96483,	4.75442	
0.89207,	1.99384,	4.66417	
0.89811,	2.00953,	4.56174	
0.90956,	2.02218,	4.44696	
0.91969,	2.01372,	4.33781	
0.92719,	2.01247,	4.24122	
#
RF61
-2.40659,	-3.90679,	1.42675	
-2.43504,	-3.99721,	1.31972	
-2.45850,	-4.05866,	1.23704	
-2.47125,	-4.12603,	1.16516	
-2.49700,	-4.19139,	1.09264	
-2.52563,	-4.25174,	1.01610	
-2.53548,	-4.30428,	0.92261	
-2.54377,	-4.35445,	0.83722	
-2.56072,	-4.39062,	0.74447	
-2.57059,	-4.42167,	0.66134	
-2.57836,	-4.44940,	0.56547	
-2.56514,	-4.48590,	0.47102	
-2.55130,	-4.51243,	0.38558	
-2.53445,	-4.53937,	0.30439	
#
RF62
1.36497,	3.36360,	4.54061	
1.23109,	3.29238,	4.53333	
1.13846,	3.23401,	4.51894	
1.05189,	3.18706,	4.50269	
0.96888,	3.15450,	4.46438	
0.87908,	3.11600,	4.41739	
0.77544,	3.07903,	4.36672	
0.69554,	3.04816,	4.33148	
0.61458,	3.01196,	4.27244	
0.52609,	2.96816,	4.23880	
0.43450,	2.94234,	4.20130	
0.35026,	2.91293,	4.17179	
0.25914,	2.89083,	4.15283	
0.14732,	2.87626,	4.14011	
#
RF63
-3.50583,	-0.37285,	3.59997	
-3.49255,	-0.48882,	3.51522	
-3.47005,	-0.56381,	3.45783	
-3.46031,	-0.64458,	3.40187	
-3.42769,	-0.72658,	3.33881	
-3.39627,	-0.80268,	3.26819	
-3.36291,	-0.87388,	3.19764	
-3.32392,	-0.93670,	3.12669	
-3.28383,	-1.00286,	3.06977	
-3.25516,	-1.07303,	3.00659	
-3.22209,	-1.14672,	2.93763	
-3.18113,	-1.21434,	2.87369	
-3.14523,	-1.28220,	2.80158	
-3.10735,	-1.33569,	2.74006	
#
RF64
0.22739,	-4.72387,	-1.50781	
0.16719,	-4.58662,	-1.51853	
0.12466,	-4.48940,	-1.52495	
0.08087,	-4.37328,	-1.54594	
0.04040,	-4.28009,	-1.55837	
-0.00021,	-4.19595,	-1.56868	
-0.03878,	-4.10244,	-1.58961	
-0.07449,	-4.01057,	-1.59969	
-0.10744,	-3.90066,	-1.62030	
-0.13611,	-3.81469,	-1.64410	
-0.17168,	-3.72920,	-1.66653	
-0.18942,	-3.63986,	-1.70072	
-0.18994,	-3.53905,	-1.73681	
-0.19739,	-3.45134,	-1.78542	
#
RF65
-0.72558,	-5.15226,	1.29768	
-0.72729,	-5.10108,	1.43183	
-0.72918,	-5.07164,	1.52550	
-0.72053,	-5.03885,	1.61586	
-0.72768,	-5.02558,	1.71510	
-0.73389,	-5.01069,	1.82240	
-0.75722,	-4.99686,	1.90816	
-0.76757,	-4.99377,	2.00835	
-0.77801,	-4.98219,	2.11533	
-0.78341,	-4.98350,	2.21383	
-0.79478,	-4.97763,	2.32085	
-0.81300,	-4.97322,	2.41578	
-0.84148,	-4.96708,	2.51543	
-0.87157,	-4.95519,	2.61906	
#
RF66
-4.35410,	-0.92654,	2.96117	
-4.30826,	-1.07712,	2.98855	
-4.28394,	-1.16952,	3.00794	
-4.25320,	-1.25454,	3.02997	
-4.21949,	-1.34964,	3.06798	
-4.19117,	-1.44034,	3.11967	
-4.16523,	-1.51647,	3.18310	
-4.14954,	-1.58915,	3.25225	
-4.12521,	-1.66674,	3.31341	
-4.10171,	-1.74208,	3.37267	
-4.09267,	-1.81055,	3.44257	
-4.06922,	-1.87771,	3.52286	
-4.05549,	-1.95586,	3.58642	
-4.03407,	-2.03017,	3.65774	
#
RF67
-3.31512,	-1.10308,	-4.08191	
-3.39294,	-1.23029,	-4.03920	
-3.44036,	-1.31513,	-4.00033	
-3.49274,	-1.39372,	-3.97002	
-3.53517,	-1.46821,	-3.93170	
-3.58275,	-1.54204,	-3.89975	
-3.61843,	-1.62864,	-3.86804	
-3.66908,	-1.70404,	-3.82225	
-3.72229,	-1.78923,	-3.78338	
-3.78410,	-1.87598,	-3.75770	
-3.84374,	-1.95453,	-3.71953	
-3.90212,	-2.02715,	-3.69297	
-3.95826,	-2.11275,	-3.67885	
-4.01973,	-2.19100,	-3.67083	
#
RF68
2.42167,	-2.53304,	-3.28137	
2.49069,	-2.45481,	-3.39376	
2.53182,	-2.40694,	-3.46272	
2.57098,	-2.36302,	-3.53690	
2.60454,	-2.32561,	-3.61772	
2.66870,	-2.28722,	-3.70462	
2.74092,	-2.23686,	-3.77377	
2.80105,	-2.17802,	-3.83307	
2.88304,	-2.11752,	-3.87842	
2.95854,	-2.05533,	-3.91001	
3.02693,	-2.00212,	-3.93324	
3.11125,	-1.94576,	-3.96542	
3.19130,	-1.89685,	-3.97383	
3.28112,	-1.85999,	-3.98998	
#
RF69
-0.32676,	-3.74563,	-1.06086	
-0.46253,	-3.79333,	-1.03007	
-0.55539,	-3.81331,	-1.00661	
-0.65507,	-3.82749,	-0.98100	
-0.74404,	-3.84346,	-0.94110	
-0.83321,	-3.86910,	-0.90344	
-0.90975,	-3.88390,	-0.85922	
-1.00174,	-3.90646,	-0.80597	
-1.08398,	-3.93123,	-0.75432	
-1.17247,	-3.96406,	-0.70580	
-1.25549,	-3.99396,	-0.65801	
-1.34596,	-4.03524,	-0.64647	
-1.44257,	-4.08408,	-0.60526	
-1.52975,	-4.11539,	-0.56509	
#
RF70
-4.72832,	2.87997,	-0.06037	
-4.65319,	2.84731,	0.05801	
-4.59744,	2.83496,	0.15107	
-4.52981,	2.81482,	0.23701	
-4.47742,	2.79700,	0.31280	
-4.43198,	2.79672,	0.39620	
-4.37191,	2.79661,	0.48368	
-4.30802,	2.79426,	0.55890	
-4.22861,	2.79493,	0.63513	
-4.16087,	2.78193,	0.72119	
-4.09255,	2.76226,	0.79896	
-4.02901,	2.74878,	0.87321	
-3.95858,	2.72620,	0.94065	
-3.87855,	2.72441,	1.00579	
#
RF71
0.80867,	0.66270,	1.32213	
0.83769,	0.78130,	1.38959	
0.86825,	0.87513,	1.42994	
0.88460,	0.96096,	1.47864	
0.90316,	1.05195,	1.52477	
0.91697,	1.13268,	1.57606	
0.93307,	1.20360,	1.63156	
0.96057,	1.28666,	1.68905	
0.96498,	1.37457,	1.74605	
0.98448,	1.45054,	1.79413	
0.99324,	1.54601,	1.85261	
0.98931,	1.64002,	1.89435	
0.98555,	1.73062,	1.93641	
0.95927,	1.82549,	1.99228	
#
RF72
5.01871,	-2.70040,	1.78004	
4.89328,	-2.61999,	1.72444	
4.80710,	-2.56849,	1.69141	
4.73033,	-2.52407,	1.65459	
4.65065,	-2.48870,	1.60794	
4.56445,	-2.44864,	1.57088	
4.49582,	-2.39595,	1.53304	
4.40751,	-2.35217,	1.49227	
4.32539,	-2.31140,	1.44975	
4.24682,	-2.27206,	1.42054	
4.15541,	-2.24501,	1.37160	
4.05883,	-2.22106,	1.33134	
3.97791,	-2.20803,	1.30395	
3.87992,	-2.19882,	1.27363	
#
RF73
-1.87949,	-1.64244,	2.16005	
-1.96666,	-1.52030,	2.12969	
-2.01508,	-1.44170,	2.11016	
-2.06626,	-1.35899,	2.08932	
-2.11847,	-1.27346,	2.07683	
-2.17309,	-1.20212,	2.06777	
-2.22862,	-1.11646,	2.04593	
-2.28973,	-1.03619,	2.02175	
-2.35832,	-0.96444,	2.02647	
-2.41766,	-0.87808,	2.01890	
-2.47658,	-0.79585,	2.02112	
-2.52526,	-0.71004,	2.02511	
-2.58558,	-0.63525,	2.03823	
-2.65953,	-0.55989,	2.04805	
#
RF74
2.16989,	-4.31149,	-2.44502	
2.11686,	-4.17712,	-2.42501	
2.08446,	-4.09359,	-2.42054	
2.06816,	-4.00605,	-2.41646	
2.05692,	-3.90484,	-2.40366	
2.06805,	-3.80495,	-2.38328	
2.07782,	-3.71641,	-2.38723	
2.07553,	-3.62374,	-2.38003	
2.08701,	-3.52446,	-2.38108	
2.08205,	-3.43313,	-2.37982	
2.08081,	-3.32044,	-2.39338	
2.08187,	-3.21550,	-2.40466	
2.08820,	-3.12452,	-2.40920	
2.09448,	-3.03108,	-2.41707	
#
RF75
-3.36253,	0.24387,	-0.65642	
-3.32155,	0.17099,	-0.77195	
-3.29551,	0.11909,	-0.84699	
-3.25801,	0.06512,	-0.91445	
-3.20541,	-0.00379,	-1.00017	
-3.14857,	-0.06750,	-1.07053	
-3.07106,	-0.11317,	-1.11863	
-2.99865,	-0.16519,	-1.17720	
-2.91749,	-0.20568,	-1.22873	
-2.84546,	-0.24372,	-1.28164	
-2.76211,	-0.28407,	-1.33168	
-2.68419,	-0.31501,	-1.39675	
-2.61926,	-0.34998,	-1.47157	
-2.54809,	-0.38017,	-1.54301	
#
RF76
-2.53219,	-2.47605,	-2.29886	
-2.46031,	-2.57492,	-2.37363	
-2.39651,	-2.64869,	-2.40828	
-2.33544,	-2.71778,	-2.44325	
-2.26373,	-2.78990,	-2.47457	
-2.19125,	-2.85179,	-2.50148	
-2.12409,	-2.91905,	-2.51761	
-2.05425,	-2.97642,	-2.52615	
-1.98050,	-3.04050,	-2.52317	
-1.89891,	-3.10884,	-2.52304	
-1.82583,	-3.16691,	-2.51983	
-1.73560,	-3.22702,	-2.50575	
-1.66417,	-3.28048,	-2.50803	
-1.58050,	-3.31949,	-2.49969	
#
RF77
-5.81878,	-0.73750,	-0.01527	
-5.68597,	-0.68795,	0.02125	
-5.59799,	-0.64913,	0.06261	
-5.50405,	-0.62193,	0.10325	
-5.40799,	-0.58037,	0.14509	
-5.30960,	-0.56796,	0.17296	
-5.22782,	-0.55673,	0.21768	
-5.12752,	-0.54831,	0.26092	
-5.03569,	-0.54604,	0.30980	
-4.94818,	-0.54409,	0.36250	
-4.84862,	-0.53508,	0.40736	
-4.74870,	-0.52793,	0.45436	
-4.66601,	-0.52679,	0.50024	
-4.57591,	-0.52990,	0.55459	
#
RF78
3.20187,	0.38118,	3.12848	
3.31419,	0.43995,	3.04637	
3.39011,	0.46331,	2.99317	
3.45016,	0.49531,	2.93862	
3.52185,	0.52597,	2.85686	
3.57906,	0.56513,	2.78294	
3.63475,	0.60483,	2.71654	
3.70706,	0.65541,	2.64886	
3.78258,	0.69845,	2.58161	
3.85751,	0.71813,	2.51088	
3.94356,	0.74016,	2.44677	
4.03036,	0.76948,	2.38499	
4.09698,	0.80335,	2.30569	
4.17212,	0.83109,	2.22546	
#
RF79
1.86240,	-1.37262,	1.96849	
1.79310,	-1.41363,	1.83974	
1.75239,	-1.45586,	1.75754	
1.70739,	-1.47345,	1.66783	
1.63112,	-1.49273,	1.57424	
1.56656,	-1.51536,	1.50563	
1.49135,	-1.53168,	1.42448	
1.42392,	-1.56256,	1.35224	
1.37566,	-1.58873,	1.28153	
1.31103,	-1.61947,	1.20775	
1.23882,	-1.64258,	1.13318	
1.17492,	-1.68563,	1.07041	
1.09567,	-1.71438,	1.01600	
1.01718,	-1.75208,	0.95857	
#
RF80
2.02432,	0.71331,	-3.96520	
1.88335,	0.65581,	-3.98220	
1.78888,	0.60430,	-4.00182	
1.69876,	0.56820,	-4.01724	
1.62187,	0.52893,	-4.03279	
1.52099,	0.48327,	-4.06576	
1.42723,	0.44054,	-4.11150	
1.33709,	0.40651,	-4.13728	
1.25942,	0.37876,	-4.15928	
1.16873,	0.35714,	-4.20041	
1.08130,	0.32356,	-4.23902	
0.99999,	0.30122,	-4.27930	
0.92940,	0.28334,	-4.33475	
#